6.809972763061523
6.551654100418091
6.787964344024658
6.769169330596924
7.0178382396698
6.630913257598877
6.651373863220215
6.686069011688232
6.78483772277832
6.645018815994263
6.65084433555603
6.68364143371582
6.892317771911621
6.904930830001831
6.870919942855835
6.8160271644592285
6.599148273468018
6.674677610397339
6.646888971328735
6.674235820770264
6.539900302886963
6.754122734069824
6.749452114105225
6.729081153869629
6.785535573959351
6.820674896240234
6.758094549179077
6.74371600151062
6.836817026138306
6.470314264297485
6.473994731903076
6.5052809715271
6.604400396347046
6.614510536193848
6.509246349334717
6.614772796630859
6.627232789993286
6.504573583602905
6.47178316116333
6.692242860794067
6.6618971824646
6.634500741958618
6.694768905639648
6.702662229537964
6.9609644412994385
7.067683696746826
6.952454328536987
6.8159565925598145
6.573549747467041
6.653062105178833
6.6511993408203125
6.797769546508789
6.50949239730835
6.56327486038208
6.521649599075317
6.512148857116699
6.922338485717773
6.670520782470703
6.740630626678467
6.450488567352295
6.632154226303101
6.684879541397095
6.753513336181641
6.844679117202759
6.587015628814697
6.614954471588135
6.707674264907837
6.603800058364868
6.825829744338989
6.751526117324829
6.744961738586426
6.886948108673096
6.806210041046143
6.919612884521484
6.8415281772613525
6.846913576126099
6.630476713180542
6.565407991409302
6.6289777755737305
6.9002296924591064
7.065699100494385
6.666238307952881
6.869490385055542
6.9019269943237305
6.8722825050354
6.65209174156189
6.847936391830444
6.918955087661743
