#0
2.10814430147 128.580552775
2.34222131879 135.050153656
3.56236542115 131.660760639
4.77147252542 138.868616768
5.38281253461 136.889418947
5.59873774346 135.140531377
6.24039358225 134.188501841
6.57911487849 137.854646064
7.28905605644 122.740453927
7.77169862032 128.010160484
8.25523112527 128.735106582
9.16630695099 116.013742481
9.42361868049 126.705516523
9.58369489695 130.884715339
10.730335996 113.916149677
10.8958835819 118.650116066
11.144700149 125.889208426
11.1574498257 133.497687584
11.8555380586 136.207449153
12.6604505218 129.105702058
13.032040978 127.109400651
13.3751786617 129.897038141
13.9425829928 127.029906404
14.2156840829 132.254289999
14.4117257001 128.701418476
16.0829836467 123.79921329
16.2999148108 126.675423163
16.704687733 130.029497142
17.0354937415 127.824656634
17.2290096635 125.692966346
17.7282103715 127.423395317
18.137408762 134.311109769
18.8853196486 119.427764216
19.5073632312 122.557621558
19.83984031 125.693851355
20.595455069 126.486918993
20.8376612772 126.394286737
21.1445186002 128.392539942
22.0773708527 128.085187922
22.521419928 131.101673086
#1
0.738187413573 126.445060817
0.866189163459 134.364632468
2.25531511027 130.228844056
3.63187565893 138.019460528
4.18938881862 136.597117294
4.43521815364 133.498072996
5.02724585768 134.214608198
5.41287767602 137.973008844
6.08264761902 121.458067844
6.6321329847 127.319100544
7.18263157179 125.790058861
7.94289865616 114.21523136
8.23584623831 123.479383928
8.27959863122 131.422722914
9.30805508809 112.519602785
9.49652987008 117.770698987
9.77980590237 123.103996214
9.79432137985 131.627706167
10.4505969294 135.128232127
11.366984357 126.904446353
11.6515442617 127.955512393
12.0422043618 128.359351126
12.6881902597 124.818153595
12.8606207098 131.18156019
12.9453194211 130.183494461
14.8480355737 124.463872824
15.0950102131 125.107043867
15.4173481009 129.479608613
15.7939685895 126.692425446
15.8757918667 124.957977067
16.4441285402 126.651072218
16.7715048893 135.185156988
17.6229963841 117.963579165
18.1926954916 122.219368196
18.5712185175 125.512958317
19.2929874838 128.354768559
19.568737681 127.002866497
19.7795992952 130.524305379
20.8416455003 129.066439923
21.208698888 133.470142121
#2
0.783927490451 124.445543292
1.0642724097 130.806814821
2.56012153442 119.531815294
3.87089481658 125.96136653
4.33100723314 125.136926258
4.53388881834 134.633996866
5.19719149638 129.110649288
5.51545124895 136.055961594
6.06820870407 124.522743568
6.69640144488 119.576300589
7.32543059625 123.206151074
7.9528746114 114.876452075
8.19464266061 122.871515632
8.40545689039 127.505345163
9.25423616986 113.302353694
9.58448905164 114.316644998
9.81827514225 120.814653146
9.83025462913 128.19863377
10.5465807546 128.292306523
11.302870111 122.902908827
11.5377157355 124.11975905
12.0348309549 122.531281924
12.5679594871 121.705220389
13.0596767499 125.035140699
13.4789896116 123.862031383
15.0492904055 119.316365904
15.4278228806 119.497759937
15.8685521729 122.5822955
16.3540806452 123.077340597
16.9457259659 121.121793077
17.4147710085 122.693800561
17.8596584581 126.242817743
18.7370953673 111.505830743
19.7313818961 117.813400488
20.0437747474 120.706287374
20.9888580167 122.003382818
21.2164330093 121.062371538
21.5651615812 120.474480649
22.4416622999 119.44601828
23.0940008692 122.556251537
#3
10.509536794 110.27164785
10.8693844906 115.332816367
11.9655943335 103.629972461
13.0185711955 106.878489195
13.3126065035 108.360611596
13.8428113891 115.573104378
14.3818901284 109.638385721
15.0477284683 115.323274559
15.6395502414 110.319762037
16.1754858364 104.061024453
16.8134088351 106.750434558
17.5453445766 105.192830889
17.9048117608 104.596647138
18.3567948306 110.162277439
18.8719859486 102.863775392
19.5992500216 102.033133226
19.7960749446 101.716532514
19.9321175886 105.472540824
20.4695340708 108.596159699
21.3700463683 101.183400446
21.7858916907 103.134224551
22.6671078729 95.040600123
23.0205408701 103.309739219
23.5711002818 100.452870853
23.9437309635 107.288700545
24.9286468951 100.565077598
25.4756811745 95.1396461233
25.9873590154 98.8293354915
26.2436327719 98.5208256727
27.0445114318 100.619049789
27.4954819968 103.212900923
28.7865487735 99.5917642779
29.6978500566 91.8201848123
30.3467089172 99.0263225739
30.7054872594 95.6010747379
31.8331631321 94.9170659902
31.9987333844 96.7874788665
32.5631991601 93.348362411
33.3466189994 96.6693978743
34.0045756843 95.010263445
#4
8.43763611274 108.068159257
8.77321970588 112.473671474
9.78668840422 101.135227429
10.8256674911 104.590555106
11.2015160948 104.417445718
11.6786430841 114.514233162
12.2458722761 105.785683556
12.7955390691 113.468478794
13.3499596682 110.249480104
13.831929572 100.03796403
14.4103476189 106.770269712
15.0460537931 102.679070566
15.332643342 102.636618189
15.7896489394 109.512686385
16.2898953848 99.8731768632
16.950033596 98.1909219668
17.1165601698 97.7222824367
17.3528732935 101.003335405
17.8755428055 107.787618162
18.6974248636 101.785671651
19.0734989569 102.223873572
19.9338124458 95.4721155354
20.3159083724 102.536115217
20.8547168619 99.7461013756
21.2175341364 101.654414057
22.0698759995 100.031552052
22.6228754518 94.0663515776
23.0655055888 93.8741129044
23.4418033822 97.242304637
24.1856061461 99.6664542129
24.6298894274 100.154461114
25.7081827926 95.0391502285
26.5106892823 89.5631644114
27.1197244752 97.5074055795
27.5149008627 93.4734562496
28.5601088038 91.8445471992
28.7012999432 93.0429367425
29.3083416009 88.8272584734
29.922918013 92.879811405
30.6611519955 90.4924590107
#5
9.57007627128 106.251440147
9.95675517342 110.718694876
10.9722745973 97.5016230829
11.5604143389 102.244342679
11.8412308502 102.197134068
12.2387461985 113.831238936
12.7400825455 102.860148713
13.2211824649 111.864969641
13.5555019293 108.15585241
13.95859757 98.0643893771
14.6250844348 105.669484892
15.0530658555 101.564399938
15.3832909816 101.363225765
15.7576212889 109.743005104
16.3340343015 98.4835443343
16.9424258075 97.0019267745
17.134307401 96.3096750118
17.2543430258 100.547069018
17.8565931949 108.21205554
18.6513553553 102.209812658
18.9324316926 107.130218548
19.9237348564 98.2846442969
20.3640079758 103.835807691
20.9848544038 100.011959411
21.4029135428 99.774698904
22.3850313346 97.6002268981
22.869971348 97.8829060287
23.3799954974 96.2910747854
23.813587668 97.8882297729
24.6706404052 97.7885722663
25.1825694091 98.198624086
26.2727835664 92.6089819652
27.0452200754 92.6940722505
27.7469857918 95.9098233455
28.0500729005 97.0474795257
29.1021641207 94.8660397642
29.2648527545 96.0946357172
29.812063323 91.0848283129
30.5202139629 91.4911890422
31.2185919562 92.3945367769
#6
11.3842670377 104.39946638
11.6411126139 110.024078724
12.4482283444 103.535102792
12.9491817999 109.281803896
13.2894440741 108.801223765
13.7711090448 108.29160042
14.1668837864 102.40716576
14.7498272681 108.661050401
15.1549184764 101.626486061
15.4316560405 101.2533547
16.027541848 104.541073547
16.5461222182 98.0851644184
16.9462523655 97.4180259172
17.1881352944 109.900291101
17.8865685892 94.5638145999
18.4120608907 96.790645663
18.6445617046 93.4115839875
18.790007547 98.1226096675
19.3080584578 110.797213201
20.2710630185 101.830849709
20.6116401199 107.369473363
21.6011022595 98.9799673237
22.1345763492 103.165983027
22.4634711557 100.861247032
22.5466508338 100.997139057
23.7366721479 98.1506662992
24.1125796346 98.9165634529
24.5188812937 97.62282603
24.8325711648 96.1710573543
25.2359855655 96.6853704098
25.8562842999 96.9705366949
26.9655958079 94.4314086319
27.6898596287 95.1695785585
27.9051144601 95.6790449522
28.2723617684 96.8458414316
29.1237911405 95.4727488182
29.3209191639 96.7497360172
29.7722792023 94.9131872942
30.6303375269 95.1938811244
31.0531764795 96.9235245918
#7
11.350518478 98.2204785565
11.6064632339 103.854681812
12.411320975 97.4119416011
12.9145371769 103.064630364
13.255062846 102.664706781
13.7387048256 102.080320725
14.1425400359 96.2724769177
14.7219750583 102.49795466
15.1324094777 95.5123823441
15.4056614644 95.0190170811
16.0062089563 98.399455026
16.5210470345 91.7618103737
16.9258581943 91.2091430073
17.1687847483 103.564947533
17.8696817198 88.4234661535
18.3953411427 90.5114394785
18.6325921857 87.2710757213
18.78009384 91.8347397017
19.3067098418 104.456352098
20.2509804929 95.6576569964
20.5950367231 101.083339078
21.5899984412 92.8011082249
22.136670087 96.9996699805
22.4610939856 94.6159830759
22.5410729248 94.7300159591
23.7270522503 91.9472284362
24.1008074967 92.6459633131
24.5023466928 91.428746511
24.8081908674 89.8691322093
25.211631015 90.5422464519
25.8282407408 90.7883324248
26.9385872894 88.1953297334
27.6629061603 88.9477432302
27.8791174469 89.5472828725
28.2432459502 90.7400773279
29.0962042363 89.2314662008
29.2943394372 90.5597204018
29.7410761323 88.6397544706
30.601087416 88.9563972073
31.0202543771 90.6795608234
#8
11.3505184786 98.2204785569
11.6064632323 103.854681812
12.4113209742 97.4119416007
12.914537177 103.064630363
13.2550628468 102.664706781
13.7387048257 102.080320725
14.1425400353 96.2724769181
14.7219750607 102.49795466
15.1324094773 95.5123823461
15.4056614659 95.0190170814
16.0062089551 98.3994550248
16.5210470355 91.761810375
16.925858195 91.2091430067
17.1687847496 103.564947531
17.8696817188 88.4234661538
18.3953411427 90.5114394773
18.6325921838 87.2710757223
18.7800938409 91.8347397028
19.3067098422 104.4563521
20.2509804918 95.6576569977
20.5950367228 101.083339078
21.5899984408 92.801108226
22.1366700855 96.9996699795
22.4610939843 94.615983076
22.5410729247 94.7300159596
23.7270522517 91.9472284343
24.1008074971 92.6459633127
24.5023466946 91.4287465113
24.8081908683 89.8691322095
25.2116310144 90.5422464534
25.8282407409 90.7883324254
26.9385872892 88.195329734
27.6629061606 88.9477432297
27.8791174466 89.5472828745
28.243245951 90.7400773273
29.096204236 89.2314661995
29.2943394371 90.5597204001
29.741076134 88.6397544723
30.6010874169 88.9563972085
31.0202543771 90.6795608249
#9
9.80900012427 93.1549935061
10.8220553875 97.849778598
12.9346835566 91.6108114778
14.6398876331 97.6493526493
15.1140814755 95.9402622678
15.6765668402 96.9975819043
16.2076278322 90.5273023219
16.8531294949 96.1371485885
17.9612827301 92.7146591017
18.7555411619 89.1477712542
19.2092554377 94.1598914398
19.7507262572 88.6110983665
20.5080975492 81.5609375131
21.7088971772 90.6944449862
22.4929930717 80.2783749067
23.489340323 78.670794349
23.6950042007 81.6635427213
24.2253821728 77.1740073505
24.8722664333 93.2097888616
26.1301468004 80.4543233636
26.4429367702 85.8280972838
27.6056800717 77.5468694098
28.0794676456 92.6188991377
28.5798822597 90.8029533459
29.0372220961 90.3653030983
29.8497733045 89.4741747336
31.1611103013 80.6060480018
31.8284143937 85.4610977303
32.6750672438 84.9174713166
33.1753518739 85.225781938
33.8388212667 85.0644857839
35.3361990749 83.2317941677
36.4613105551 85.4976184554
36.6170829323 87.9635117358
37.1349763097 86.2090539569
38.3147912118 85.058995966
38.6760498892 87.51104609
39.7854075413 85.0570546862
40.9362284522 85.4777729689
42.2808585291 86.1794058792
#10
24.2512063751 89.3683787512
25.3229228398 93.4468050576
27.1426772814 87.7982886395
28.7968068394 93.2855506116
29.1288283843 93.366132559
29.6525826964 90.8722348735
30.2250165253 90.5088847088
30.8807373916 93.7793468684
31.9205805217 88.1215608088
32.6751355084 89.0266809862
33.1103745975 86.5727104757
33.6433261973 90.3388435909
34.7078564999 78.6945282358
35.7869345771 88.3889608799
36.682828996 78.7692625018
37.7445488619 83.5360682458
38.1182979391 80.8929439129
38.6820050497 80.6731471087
39.3068866056 86.1860194901
40.5362858948 78.1541685916
40.8815623435 80.6573809297
42.0834454093 71.4083864088
42.5375917009 91.9034599335
43.2308796825 83.8336390121
43.8037515044 94.9123801061
44.5645548481 83.3188331609
45.8846306361 80.4853302333
46.6806758759 89.9808148153
47.2606389788 80.5356835672
47.7469068225 84.2406315604
48.3685492596 86.0506897248
49.8642422153 83.1559845724
50.9895878824 86.9847318534
51.1465788195 86.8622635096
51.5625316334 83.8121359137
52.5260426409 84.6746965457
53.0274419741 89.0472441956
53.9675510776 86.221240694
55.1065987134 86.9671485841
56.2043128544 87.6746251952
#11
22.0380599266 91.9511926232
23.0986391545 95.3962581841
24.7910895228 90.4696348695
27.7412941668 91.5329567879
28.1770496772 94.0857507454
29.2406488696 92.4450299646
30.0347771234 91.8275156479
31.2098490742 94.5900901583
32.2435047508 89.9662274867
33.0361762138 91.3519681891
34.0250061878 86.9496573156
34.4751928684 93.0815395113
35.5297019126 79.518443467
36.4412041552 87.8626709269
37.197970314 82.0662978604
38.0948099936 86.2481360896
38.4105175681 85.2578397495
39.0419789467 81.0344966031
39.7251146616 85.0700638934
40.7635939276 82.9443835716
41.2105459157 80.24470196
42.2257820988 76.4697132884
42.7646969474 87.1042955103
43.3503205114 82.4618157225
43.9895233649 97.2554177075
44.7874728425 79.5422308266
46.0578423403 78.7017115595
46.8855608122 86.2567051665
47.6860490783 84.9560602836
48.2520971495 80.4761735725
48.7772013917 88.8381346087
50.3512108994 78.9387857436
51.4570909636 90.0930104419
51.7449973097 89.9895608656
52.2516499504 87.2578086043
53.2208275296 87.9864175598
53.7996572414 91.5246334032
54.7490671237 89.1374951773
55.8665213048 89.6122716455
56.9490608923 90.2098804101
#12
22.0380599259 91.9511926232
23.0986391553 95.3962581838
24.7910895232 90.4696348699
27.7412941673 91.5329567878
28.177049677 94.0857507451
29.2406488693 92.4450299644
30.0347771232 91.827515648
31.2098490751 94.5900901585
32.2435047514 89.9662274874
33.0361762138 91.3519681885
34.0250061879 86.9496573151
34.4751928678 93.0815395119
35.5297019128 79.5184434667
36.4412041558 87.8626709263
37.1979703131 82.0662978608
38.0948099939 86.24813609
38.410517568 85.2578397496
39.0419789466 81.0344966024
39.7251146613 85.0700638937
40.7635939271 82.9443835721
41.210545915 80.2447019591
42.225782099 76.4697132892
42.7646969477 87.1042955098
43.3503205115 82.4618157228
43.989523364 97.255417708
44.7874728423 79.542230826
46.0578423399 78.701711559
46.8855608117 86.2567051671
47.6860490773 84.9560602844
48.2520971503 80.4761735725
48.777201392 88.8381346084
50.3512108997 78.9387857431
51.4570909636 90.0930104413
51.7449973098 89.989560865
52.2516499505 87.2578086053
53.2208275304 87.9864175594
53.7996572412 91.5246334031
54.7490671235 89.137495178
55.8665213056 89.6122716452
56.9490608922 90.2098804105
#13
28.1734714886 83.6030472991
29.2299239916 87.5617365555
31.0030130216 81.4507512421
32.5114327965 86.657504639
32.8211285639 87.1418330119
33.3899784677 85.1812831308
33.9097653492 85.2885845807
34.6647542954 86.9232048563
35.6665785073 83.9237849787
36.3781617362 84.3378404537
36.8432386766 80.8055759295
37.3308773615 85.4646276503
38.3806333377 74.5572082159
39.4538334418 83.4543639581
40.3449755213 74.0823294267
41.4065620432 80.2778191708
41.7667783015 76.4264399478
42.4799233818 75.4492145078
43.0443007719 80.6314285142
44.2150067745 73.3023627731
44.5238678105 76.006106309
45.7520308471 66.618395747
46.1449961912 87.2742049301
46.8420316867 78.2465953667
47.405819671 90.1854126123
48.1035744675 78.8658952321
49.4172881377 76.9874576725
50.1988502208 86.1289958234
50.8113004604 76.3500388609
51.3865661347 80.4453628464
51.9630945745 82.1175494328
53.5174106936 77.0797676374
54.5615839882 82.814822923
54.6715516043 82.9299747352
55.1184229801 79.952315465
56.0161970166 80.9175319676
56.5067268614 84.6872901356
57.4986960454 81.91246825
58.7050541642 82.7950190176
59.7593139809 84.0107448966
#14
28.1734323716 83.6028036566
29.2299247998 87.5616269584
31.00303861 81.4506574343
32.5114714589 86.6573622009
32.8211740653 87.1414830463
33.3901170374 85.1809198043
33.9098986165 85.288464904
34.6649260367 86.9231414246
35.6667851068 83.9237411307
36.3783773451 84.3378008295
36.8434805746 80.805443628
37.3311279913 85.4642322806
38.3808966451 74.5569962595
39.4540977834 83.4540602492
40.3452329397 74.0820357014
41.4068241386 80.2775034268
41.7670331814 76.4262787442
42.4801820577 75.4490465506
43.0445647446 80.6312371124
44.2152945164 73.3023163344
44.5241897379 76.0058421122
45.7523604837 66.618104265
46.1453433801 87.2738652525
46.8423814292 78.2462323541
47.4061817248 90.1851094291
48.1039413578 78.8654545074
49.4176621661 76.9870805437
50.1992370576 86.1285594181
50.8116972812 76.3495889511
51.3869614568 80.4450657162
51.9634889936 82.1175110115
53.5178122208 77.0793390197
54.5620118307 82.8142802881
54.6720030156 82.9294770189
55.1188702873 79.9522897908
56.0167482885 80.9168177531
56.5072707884 84.6868900318
57.4992636181 81.9120317734
58.7056564142 82.7945260482
59.7599424313 84.0100501596
#15
33.3146686891 81.0538635305
34.5004938109 86.153470184
36.9527696554 79.3010241314
39.1461972601 84.1067398233
39.5734859737 86.7929946017
40.1795647473 81.1606360352
40.7417948505 85.5045955842
41.4196744606 83.0885562421
42.5799446783 84.003752227
43.4047349345 85.2946828983
43.8469258812 80.9359045607
44.4747911714 80.660871894
45.4335221664 72.3945781228
46.6789063928 77.8056600347
47.4926302556 71.8313421035
48.6926409373 73.3308511029
48.9722382155 75.7071209811
50.0112812417 74.7402931997
50.4082659716 73.6401439948
51.9574010039 72.1297586054
51.9862063536 66.4024403277
53.4099495372 62.4722441764
53.6174083167 82.529038994
54.2243311954 79.069065869
54.9510153765 86.147808348
55.9108205263 79.2365660048
57.4246179821 75.0906136659
58.4597354827 80.7226493294
59.3454914624 74.9946446737
59.9768214236 79.4733180948
60.6629938508 80.3992552394
62.8668125229 73.87110914
64.0302800672 75.9354940211
64.1079692644 81.0026869442
64.5053566356 75.9829056145
65.7051015854 75.857661194
66.234022492 79.1916082713
67.6760539107 78.1736305885
69.3263304024 77.9309533938
70.6106912788 79.0173059951
#16
33.3146686891 81.0538635305
34.5004938109 86.153470184
36.9527696554 79.3010241315
39.1461972601 84.1067398233
39.5734859737 86.7929946017
40.1795647473 81.1606360352
40.7417948505 85.5045955842
41.4196744607 83.0885562421
42.5799446783 84.003752227
43.4047349345 85.2946828983
43.8469258812 80.9359045608
44.4747911714 80.660871894
45.4335221664 72.3945781228
46.6789063928 77.8056600347
47.4926302556 71.8313421035
48.6926409373 73.3308511029
48.9722382155 75.7071209811
50.0112812416 74.7402931997
50.4082659717 73.6401439948
51.9574010039 72.1297586054
51.9862063536 66.4024403276
53.4099495372 62.4722441765
53.6174083167 82.529038994
54.2243311954 79.069065869
54.9510153765 86.147808348
55.9108205263 79.2365660049
57.424617982 75.0906136659
58.4597354827 80.7226493293
59.3454914624 74.9946446737
59.9768214236 79.4733180948
60.6629938508 80.3992552394
62.8668125229 73.87110914
64.0302800672 75.9354940211
64.1079692644 81.0026869442
64.5053566356 75.9829056145
65.7051015854 75.857661194
66.234022492 79.1916082713
67.6760539107 78.1736305885
69.3263304024 77.9309533938
70.6106912788 79.0173059951
#17
33.3572481559 81.6474267274
34.5392505783 86.3071254969
37.0126139687 79.7563051184
39.2440424343 84.9370203223
39.6849637691 87.6797889019
40.3158438565 81.3646966857
41.167674899 85.7418831001
41.7825620609 83.2605269376
42.9523536474 83.219678429
43.8087238533 85.3532609149
44.2164671147 81.1116717342
44.8520527251 80.7655568463
45.8168591133 71.2807358889
47.0608550489 77.8001900044
47.8736834552 70.8743239141
49.0507406631 73.7324541733
49.3692117395 76.2325810581
50.4726523461 73.1586423701
50.8637285658 72.9048898667
52.3853071325 72.631054673
52.4378090228 66.1767114183
53.8814690564 60.9681142287
54.0828719704 81.4577519542
54.6678906362 79.4519735012
55.424964423 86.4861111876
56.38830188 78.6038499881
57.8777227504 74.4391054531
58.8865102692 80.3814278337
59.7947893729 74.1724022007
60.4390255507 77.8682240484
61.1237472324 79.3182927805
63.3002650142 73.6626349078
64.5182722693 75.172191681
64.7891948083 80.5164093808
65.1755708157 74.8273832654
66.3681821603 74.9433355812
66.9038630485 78.8533124791
68.3401855438 77.7508475149
70.0859629992 77.3108122579
71.3597557016 77.9704831404
#18
33.3572481559 81.6474267274
34.5392505783 86.3071254969
37.0126139687 79.7563051184
39.2440424343 84.9370203224
39.6849637691 87.6797889019
40.3158438565 81.3646966857
41.167674899 85.7418831001
41.7825620609 83.2605269376
42.9523536474 83.219678429
43.8087238533 85.3532609149
44.2164671147 81.1116717342
44.8520527251 80.7655568463
45.8168591133 71.2807358889
47.0608550489 77.8001900044
47.8736834552 70.8743239141
49.0507406631 73.7324541733
49.3692117395 76.2325810581
50.4726523461 73.1586423701
50.8637285658 72.9048898667
52.3853071325 72.631054673
52.4378090228 66.1767114183
53.8814690564 60.9681142287
54.0828719704 81.4577519542
54.6678906362 79.4519735012
55.424964423 86.4861111875
56.38830188 78.6038499881
57.8777227504 74.4391054531
58.8865102692 80.3814278337
59.7947893729 74.1724022007
60.4390255507 77.8682240484
61.1237472324 79.3182927805
63.3002650143 73.6626349078
64.5182722693 75.172191681
64.7891948083 80.5164093808
65.1755708157 74.8273832654
66.3681821603 74.9433355812
66.9038630485 78.8533124791
68.3401855438 77.7508475149
70.0859629992 77.3108122579
71.3597557016 77.9704831404
#19
30.5536573476 76.9807743848
31.7687687058 80.2962993505
34.0611863645 75.4093882761
36.3034151627 79.552473611
36.7166803105 81.4718104021
37.2516143855 76.2431228246
37.9629199597 80.2713262388
38.4371121446 78.6394111277
39.5766361981 78.7167920367
40.4295049142 80.081379721
40.7198088231 76.1133504256
41.3039923291 77.214088597
42.2496847974 67.6228745533
43.5772427978 71.9605508291
44.3022889478 67.7906414354
45.4814728283 68.8487498588
45.7644626372 72.2837950871
46.8422651808 69.087963897
47.2126249904 67.3973531379
48.6268579597 68.2057228259
48.6677630653 60.8452489931
49.9819091898 57.9066865565
50.2479495938 78.3369704271
50.9125321978 75.2146970667
51.7322285003 80.7258725492
52.4011586565 74.9048595774
53.9499622033 70.0102133435
54.8792766533 75.3385695384
55.7720459798 70.6165364527
56.2935782967 74.22345557
56.8752685889 74.9189652905
58.7016062355 70.5202880402
59.7880905117 72.6560849645
59.9663010379 77.1081442765
60.316392735 70.8852260385
61.3266267639 70.8425049255
61.9160361916 74.9306759442
63.2485965636 73.3264639567
64.7102000321 73.461658786
65.9894679432 73.3607530936
#20
22.5224383203 68.7912961782
23.6844162132 73.8008898129
26.4193362583 70.4566392708
28.8901935089 69.9589365157
29.1968194098 78.4461724506
29.8774231378 72.13503074
30.5798278489 72.5077095
31.0897909054 72.0358589604
32.501267954 76.7317425655
33.7430352539 73.3593587616
34.4982818966 67.2423877123
35.2813612351 67.8499918601
36.2261472773 60.5557519167
37.6601675895 66.1928020762
39.1115569209 70.5872610309
39.9940405632 74.6306501426
40.989278845 64.5210217988
42.1696796583 63.0666791618
42.7784830815 58.5025062279
43.804069549 70.4062783719
44.0242011552 64.3957045708
44.9561512392 64.2582721121
45.4555233638 76.6759340756
46.1558591307 69.9710044411
46.7858191458 77.7493352746
47.3165836068 75.6125374347
48.733153259 70.5465931356
50.0261180941 67.8124833168
50.7028768085 70.6233109653
51.3772677104 66.1248489021
51.7979848672 66.9313403325
53.2256027856 67.1091555836
54.430706822 69.2454065954
56.0251823723 67.5189027585
57.8493563007 63.8214444606
58.9703929409 63.6959928121
59.7364465822 63.8960086137
63.0977796701 63.7017791701
64.1073534037 69.8173783614
65.3272049341 67.5366474441
#21
20.8208408973 65.1300538558
21.7050884765 68.6496581586
23.8457310429 70.3228473302
25.9567095055 70.1580977608
26.3691949816 74.2042000222
26.8930878225 69.2960238671
27.6780550602 69.1421958832
28.0807231952 70.1377815427
29.349483525 76.8700605711
30.4253586568 72.1388869396
31.1417201001 67.7093239846
31.8107578112 69.2009594165
32.8018143664 60.4832502183
33.8819565135 67.9945261336
35.1944188713 73.1679534243
36.2122560348 77.2828508442
37.1981667498 64.9089305947
38.3860296069 64.4537094845
38.8735706736 60.0540480482
39.8189711745 71.6878945923
40.033809331 65.8498510813
40.7569587494 66.5492356034
41.3764967385 75.0445183463
41.9914946358 67.5060513198
42.8460761476 73.9988183592
43.440511842 72.034893301
44.6921435219 69.8943789082
45.8247781453 65.7346049069
46.6512214218 68.2375143396
47.5489755633 63.7286778269
47.8743765802 65.3920723805
48.8858758143 66.514507033
49.852487304 71.7309641428
51.5613599228 66.3111624181
53.3028950909 64.9781943185
54.1716770041 65.666645938
54.9943415322 66.5434995317
58.236532247 66.2389574862
59.1341623053 67.4899478359
60.0122812467 68.7758653218
#22
20.8208408973 65.1300538558
21.7050884765 68.6496581586
23.8457310429 70.3228473302
25.9567095055 70.1580977608
26.3691949816 74.2042000222
26.8930878225 69.2960238671
27.6780550602 69.1421958832
28.0807231952 70.1377815427
29.349483525 76.8700605711
30.4253586568 72.1388869396
31.1417201001 67.7093239846
31.8107578112 69.2009594165
32.8018143664 60.4832502183
33.8819565135 67.9945261336
35.1944188713 73.1679534243
36.2122560348 77.2828508442
37.1981667498 64.9089305947
38.3860296069 64.4537094845
38.8735706736 60.0540480482
39.8189711745 71.6878945923
40.033809331 65.8498510813
40.7569587494 66.5492356034
41.3764967385 75.0445183463
41.9914946358 67.5060513198
42.8460761476 73.9988183592
43.440511842 72.034893301
44.6921435219 69.8943789082
45.8247781453 65.7346049069
46.6512214218 68.2375143396
47.5489755633 63.7286778269
47.8743765802 65.3920723805
48.8858758143 66.514507033
49.852487304 71.7309641428
51.5613599228 66.3111624181
53.3028950909 64.9781943185
54.1716770041 65.666645938
54.9943415322 66.5434995317
58.236532247 66.2389574862
59.1341623053 67.4899478359
60.0122812467 68.7758653218
#23
20.8208408973 65.1300538558
21.7050884765 68.6496581586
23.8457310429 70.3228473302
25.9567095055 70.1580977608
26.3691949816 74.2042000222
26.8930878225 69.2960238671
27.6780550602 69.1421958832
28.0807231952 70.1377815427
29.349483525 76.8700605711
30.4253586568 72.1388869396
31.1417201001 67.7093239846
31.8107578112 69.2009594165
32.8018143664 60.4832502183
33.8819565135 67.9945261336
35.1944188713 73.1679534243
36.2122560348 77.2828508442
37.1981667498 64.9089305947
38.3860296069 64.4537094845
38.8735706736 60.0540480482
39.8189711745 71.6878945923
40.033809331 65.8498510813
40.7569587494 66.5492356034
41.3764967385 75.0445183463
41.9914946358 67.5060513198
42.8460761476 73.9988183592
43.440511842 72.034893301
44.6921435219 69.8943789082
45.8247781453 65.7346049069
46.6512214218 68.2375143396
47.5489755633 63.7286778269
47.8743765802 65.3920723805
48.8858758143 66.514507033
49.852487304 71.7309641428
51.5613599228 66.3111624181
53.3028950909 64.9781943185
54.1716770041 65.666645938
54.9943415322 66.5434995317
58.236532247 66.2389574862
59.1341623053 67.4899478359
60.0122812467 68.7758653218
#24
5.41059204036 61.3694047379
6.0808393941 66.3592527495
7.52466765441 77.7213816854
9.3988417815 68.7824582275
9.83769478594 64.731267819
10.5282152455 64.240543176
11.0859949321 70.6832763327
11.6629279613 66.1979564686
13.0048542822 66.7517876335
14.396855632 62.0638786253
14.4988295521 67.2906882324
15.074630035 61.9088440103
15.6747223783 57.9077541961
16.5284860083 62.3436952433
17.1673645685 59.4037239566
18.240377404 56.7896605527
18.5898937236 74.1069348236
20.196126151 55.2451056912
20.7759800696 56.8633942262
21.9600819764 49.0577084532
21.9824675301 52.8568600412
22.4972390613 53.8763077374
23.1919350446 57.6849407979
23.4033835838 73.1364701254
24.567511787 72.7019682004
25.9870535414 58.2121124218
27.3901914802 51.0763692797
28.9954339125 57.9353770358
30.0386145067 58.83571051
30.9070734192 66.3972057607
31.1216530993 69.0202661543
33.0398880818 65.8130496306
33.6200441726 70.3483878249
34.3786537414 67.3298584705
34.5809473697 72.1310633125
35.4779910325 67.9239935262
36.0535303179 70.8671260362
37.3418470017 64.0800300878
38.6052164869 61.6164608707
39.431975396 72.9117338077
#25
4.95259903705 59.3679123375
5.21693010808 64.7401463118
5.73273777979 70.7941068655
6.59254032716 61.9931500117
6.75864834598 66.4804371374
7.54923868713 58.6776579601
8.22911204009 66.5895255508
8.71531811395 61.7599190366
9.39112732958 68.7588820631
10.4429252615 62.3443664649
10.7488307097 65.2436535989
11.4608713894 58.7298285169
11.8568178226 58.0793182026
11.8915267042 65.1011405876
12.6718865742 58.6821133157
13.0156469791 64.0493844677
13.4627021562 67.2323609789
14.4339005877 59.1010126853
14.705477416 65.730064011
15.3303041904 62.4451168552
15.7887233969 54.4370278707
15.8957945594 60.4855800526
16.3430171412 64.3314826487
16.8582780396 63.4641707771
17.3679691339 71.5918000948
18.6250155952 55.1837715211
19.7252876342 56.7530923346
20.7306153769 58.7698825138
21.2396107394 62.958059011
21.9263130761 63.7466717216
22.4172471146 59.8153392693
23.3967153474 61.2514660852
23.4483869398 72.114694808
24.3610927625 56.8481916916
24.3914984694 65.7337796675
24.8702339973 70.7470713289
26.3407912685 59.0584890388
28.1782201274 63.8112392858
29.5976797337 64.8049810879
29.6075354484 73.0577809251
#26
4.95259903705 59.3679123375
5.21693010808 64.7401463118
5.73273777979 70.7941068655
6.59254032716 61.9931500117
6.75864834598 66.4804371374
7.54923868713 58.6776579601
8.22911204009 66.5895255508
8.71531811395 61.7599190366
9.39112732958 68.7588820631
10.4429252615 62.3443664649
10.7488307097 65.2436535989
11.4608713894 58.7298285169
11.8568178226 58.0793182026
11.8915267042 65.1011405876
12.6718865742 58.6821133157
13.0156469791 64.0493844677
13.4627021562 67.2323609789
14.4339005877 59.1010126853
14.705477416 65.730064011
15.3303041904 62.4451168552
15.7887233969 54.4370278707
15.8957945594 60.4855800526
16.3430171412 64.3314826487
16.8582780396 63.4641707771
17.3679691339 71.5918000948
18.6250155952 55.1837715211
19.7252876342 56.7530923346
20.7306153769 58.7698825138
21.2396107394 62.958059011
21.9263130761 63.7466717216
22.4172471146 59.8153392693
23.3967153474 61.2514660852
23.4483869398 72.114694808
24.3610927625 56.8481916916
24.3914984694 65.7337796675
24.8702339973 70.7470713289
26.3407912685 59.0584890388
28.1782201274 63.8112392858
29.5976797337 64.8049810879
29.6075354484 73.0577809251
#27
4.14322709694 55.2440082874
5.1969774379 68.5554361733
5.81241493597 72.0587813846
6.48810043007 66.808674739
6.83036017173 62.7414061368
7.45364643878 61.6444185696
7.98990911432 68.5238875098
8.37268283418 65.9900208246
9.11669736264 70.9036431377
10.1576404071 63.4767843309
10.3980065489 65.9786066291
10.959302604 62.3489786116
11.2715025964 62.2615167978
11.510150159 61.640736326
12.1245630502 56.6131628772
12.3958509408 64.2161122401
12.7479919338 67.1600317528
13.514194648 62.0072144299
13.7280454235 67.6240983854
14.4316561175 59.353521367
14.7931505835 55.9874111674
14.8774735918 62.8906039225
15.4417591823 65.4810370843
16.0596314519 64.3714333092
16.6731366226 66.3407548119
17.664404179 55.7434695809
18.5318362568 58.0293988468
19.7471796342 56.019322709
20.1480309451 60.6120051625
20.6901886368 62.2888541584
21.0774641093 59.5986402061
22.0612922669 59.6679246667
22.1016957258 68.6681888514
23.0328563157 54.9369343537
23.2680661263 62.5665528322
23.8563812657 64.8290764346
25.0158595252 57.1069142691
26.6760427929 60.2152144269
28.0068125212 59.9404474738
28.0135439102 67.284123562
#28
4.14322709694 55.2440082874
5.1969774379 68.5554361733
5.81241493597 72.0587813846
6.48810043007 66.808674739
6.83036017173 62.7414061368
7.45364643878 61.6444185696
7.98990911432 68.5238875098
8.37268283418 65.9900208246
9.11669736264 70.9036431377
10.1576404071 63.4767843309
10.3980065489 65.9786066291
10.959302604 62.3489786116
11.2715025964 62.2615167978
11.510150159 61.640736326
12.1245630502 56.6131628772
12.3958509408 64.2161122401
12.7479919338 67.1600317528
13.514194648 62.0072144299
13.7280454235 67.6240983854
14.4316561175 59.353521367
14.7931505835 55.9874111674
14.8774735918 62.8906039225
15.4417591823 65.4810370843
16.0596314519 64.3714333092
16.6731366226 66.3407548119
17.664404179 55.7434695809
18.5318362568 58.0293988468
19.7471796342 56.019322709
20.1480309451 60.6120051625
20.6901886368 62.2888541584
21.0774641093 59.5986402061
22.0612922669 59.6679246667
22.1016957258 68.6681888514
23.0328563157 54.9369343537
23.2680661263 62.5665528322
23.8563812657 64.8290764346
25.0158595252 57.1069142691
26.6760427929 60.2152144269
28.0068125212 59.9404474738
28.0135439102 67.284123562
#29
2.31819833727 57.9935944897
3.22257054781 69.1613448634
3.90103565594 70.0029621616
4.57967129567 67.4994860153
5.02712735034 65.6658966477
5.66930009336 63.0940230501
6.19196669743 68.5577829539
6.48860230018 67.7374251973
7.32558963928 69.6144309079
8.14736717128 65.7225380411
8.61921536789 64.7149736793
9.03881545962 65.1517730639
9.54504165524 62.2395119511
9.95889902904 61.711015479
10.5463198172 59.4809800507
10.9021132603 65.8668169162
11.4663007408 64.6207117501
12.0739796096 61.6254217325
12.4030219411 67.7211609919
12.9279979139 62.5936913211
13.4504913573 57.2098193824
13.572145013 62.2544503674
14.1586467075 67.7571521588
14.8090827927 61.9766172686
15.3536417056 65.3058902365
16.3211295351 56.4897329555
17.0354570155 58.9606296358
18.1335105162 59.1952931843
18.5561050134 63.3408142913
19.1266266981 60.2238182669
19.5028807564 60.1055026791
20.3181559086 61.1981405553
20.88510683 67.3658506754
21.9725004843 55.5066604426
22.2523603316 62.0524965161
22.7302042739 65.1629361563
23.8777221068 57.6854414794
25.1301827799 60.1315468383
26.1272263137 61.191591547
26.1859967365 67.2712281442
#30
2.31819833727 57.9935944897
3.22257054781 69.1613448634
3.90103565594 70.0029621616
4.57967129567 67.4994860153
5.02712735034 65.6658966477
5.66930009336 63.0940230501
6.19196669743 68.5577829539
6.48860230018 67.7374251973
7.32558963928 69.6144309079
8.14736717128 65.7225380411
8.61921536789 64.7149736793
9.03881545962 65.1517730639
9.54504165524 62.2395119511
9.95889902904 61.711015479
10.5463198172 59.4809800507
10.9021132603 65.8668169162
11.4663007408 64.6207117501
12.0739796096 61.6254217325
12.4030219411 67.7211609919
12.9279979139 62.5936913211
13.4504913573 57.2098193824
13.572145013 62.2544503674
14.1586467075 67.7571521588
14.8090827927 61.9766172686
15.3536417056 65.3058902365
16.3211295351 56.4897329555
17.0354570155 58.9606296358
18.1335105162 59.1952931843
18.5561050134 63.3408142913
19.1266266981 60.2238182669
19.5028807564 60.1055026791
20.3181559086 61.1981405553
20.88510683 67.3658506754
21.9725004843 55.5066604426
22.2523603316 62.0524965161
22.7302042739 65.1629361563
23.8777221068 57.6854414794
25.1301827799 60.1315468383
26.1272263137 61.191591547
26.1859967365 67.2712281442
#31
2.27430328188 53.6368833949
3.10724991015 63.1134024399
3.69308565006 64.0171247389
4.12723737509 63.4905796596
4.71159363584 61.3632352903
5.26209679118 59.8287345814
5.79582304541 63.8600228296
6.16162924194 62.1155811966
6.76760547167 65.8089442888
7.45120822863 60.8971730028
7.91617869809 62.3207298396
8.2677255148 61.3828110259
8.7456722246 60.5131939641
9.13359939419 56.370064769
9.80141687166 59.2953321953
10.1246386624 57.6954622794
10.6006019981 64.6521789376
11.2300769458 56.7001527556
11.8269329056 62.8898301757
12.6666029626 57.7399033898
13.0511120469 56.0146350956
13.5088749667 60.050182723
14.2563923541 60.8816581962
14.8646921989 61.9117510623
15.6232850913 60.359819289
16.5801083608 56.7887771028
17.3005235585 59.7161027534
18.4830366337 52.9201094058
18.8217249981 59.6147674752
19.3143337876 61.1229348696
19.8689857973 59.4435120661
20.7413083025 58.9729482914
20.9769787669 61.4776890125
21.8701849043 53.9751488138
22.3662143166 57.4362039096
22.9125253581 61.2556836977
24.160248659 55.1928899941
25.2285093575 55.7134405742
26.1478476725 55.9463869798
26.2167710818 62.6716968428
#32
2.26331348892 53.5438257367
3.09649949057 63.0020865564
3.67922129275 63.9326936386
4.11159079244 63.3635194283
4.69470308987 61.2539571673
5.24505523351 59.7188151685
5.76842987196 63.7367629095
6.13254527285 61.9733604681
6.73755433422 65.751085885
7.42012792123 60.7939470779
7.88469329461 62.1912594659
8.23474558117 61.3092558094
8.71236189798 60.4213328536
9.10046672693 56.2430448371
9.76647878642 59.2566011614
10.089420242 57.6091290626
10.5635097179 64.5367205682
11.1934412659 56.6298483572
11.7903989781 62.8303717745
12.6311323924 57.6306354198
13.0160088693 55.9606518184
13.4727108926 60.0280137014
14.2200450255 60.8261671381
14.8284966667 61.8537484727
15.5866660085 60.2966860365
16.5428208239 56.7363175437
17.2627782891 59.6595536328
18.4453015294 52.8367338921
18.7828763085 59.5605261741
19.2756624577 61.0558010954
19.8309942747 59.3853416923
20.7057015886 58.9324374572
20.9412810428 61.4552429438
21.8282614678 53.9395239501
22.3268600348 57.371761714
22.8738596938 61.1792660672
24.1211601215 55.1719606442
25.1903142536 55.683257956
26.106666308 55.903953032
26.1758345212 62.6066181346
#33
2.39919143207 47.5449236671
2.6691662105 51.6289261732
2.89642473468 57.5055885774
3.34753748208 54.9981382737
4.03717800932 54.8313125629
4.79343717377 51.4032798742
5.31845050609 55.7029004304
5.77512773282 51.1052113696
6.16765916731 53.4664837384
6.91521849605 50.774469108
7.2033090421 49.9979589884
7.44867406307 52.8370893241
7.78301677868 50.1953955392
8.10456188525 53.25365781
8.73920362334 52.7323259407
9.35528485668 49.7859540996
9.69023854703 57.7567597584
10.6802988781 49.8635918324
11.5788861077 48.2594940865
12.6945746003 49.4811584087
12.8530092534 51.3062223612
13.6074487466 51.8287094541
14.460677049 46.9265465204
14.923511535 58.3656680987
15.8418958453 50.8676185196
17.1915607848 50.5090113879
17.7867434138 53.8469703387
19.1708966946 43.8480749275
19.4457304457 54.3495683114
19.9889699836 60.2386804062
20.5151886597 57.7648993835
21.5682684496 56.9947277458
21.8667787246 51.0316285857
22.7880300804 54.1504891573
23.1923177777 52.2669317079
23.7241247693 60.3968185528
24.7577245634 56.9059398505
25.2421825741 45.0692151408
26.0108257557 44.9435507914
26.0293344789 57.4884516107
#34
2.39601032522 47.5620142362
2.64157135528 53.7320570241
3.26113841142 51.9136656541
3.7381690874 51.2951103188
4.26366947723 51.9697362412
4.87817386587 48.7295900984
5.71775491886 58.0097102268
6.31103231437 47.4969951404
6.60206092431 51.6635287656
7.15007971824 50.6571056843
7.48930923286 53.1091733047
7.84356270439 51.5183857303
8.27124925227 54.0516168992
8.84017884183 47.6725158332
9.4578741923 52.519994703
10.0043548883 47.4730730869
10.663032383 54.2241818189
11.512085802 46.8540836042
12.2345896485 47.9181136979
13.3009417805 50.8104920849
13.5995637189 48.2885383259
14.3879776341 47.1637336376
15.1441095358 46.7075582281
15.5704631103 58.0566062838
16.8072134953 48.5713160962
17.8308927406 49.2882310144
18.739191337 50.1529695368
19.8006276824 44.0770337541
20.3067160644 50.8704441016
20.9596982629 56.514456565
21.7237726947 53.5663180284
22.6415331206 51.8381403029
22.9141505888 49.9454621097
23.8285273261 52.5008377441
24.3341569213 47.8287476521
24.74770159 55.5412543693
25.7695635925 54.6890881754
26.2584935161 44.3739224483
26.9357315112 46.5581455339
27.1213949367 55.8131836357
#35
1.96793476996 46.5057230101
2.17897841274 53.9288638525
2.92368259077 48.8136689447
3.49370245425 48.7782970387
4.33113443593 50.8793862004
5.11170707821 46.2354907474
5.9159679058 55.3644008802
7.05515773504 47.674366881
7.52688548333 51.6976461786
8.02572429472 50.8588685045
8.42024575385 50.6261395396
8.81899525209 49.1908916077
9.19127606168 54.1427468255
9.72500869042 45.3245784558
10.4814114835 53.8198782288
11.026345811 51.789268032
12.5561529742 51.3124889317
13.2802202515 45.2555802079
13.9304960806 47.1879130229
14.9450516885 50.716299467
15.3072549816 46.3063437631
16.0857372462 44.5591649097
16.8135821761 42.1940297067
17.2812634094 52.9101220851
18.3769329424 46.8932690033
19.498661482 49.5214297389
20.3698748939 51.870738
21.2717208916 40.7478236528
21.7831584853 43.5485686781
22.4340848367 47.7487165304
23.1097727627 51.6931490339
24.0216901787 46.150738452
24.5997056731 45.5515110205
25.3540862609 51.0924013946
26.2342429162 41.2647399415
26.8064474692 53.3262809676
27.999554383 47.8370630502
28.8154714585 47.0754001992
29.5750026219 48.7157051535
30.2036443249 49.5725348412
#36
1.79015311687 44.1242153024
2.01214491454 52.7756900164
2.72217789201 45.4840909976
3.30853710271 46.9732901912
4.2956379371 50.0787614486
5.07795176605 43.7519842731
5.87467603659 51.9461289091
7.0048407477 46.5742341732
7.46219552802 52.7352339912
7.9842219869 51.3838232564
8.32384941169 48.5824009154
8.66497739193 50.7305512523
8.92908720273 54.2554175283
9.5567038525 45.3740321687
10.1865265793 52.9907237016
10.7828276087 52.7783305615
12.3527033009 47.1396926878
12.7921574621 45.9692420344
13.4672876047 45.7673271127
14.3627109679 53.0268010117
14.7701988411 44.2536610305
15.4989609534 45.2517388748
16.1852630334 40.1542553346
16.6696768763 50.9349479288
17.826594764 42.4429317378
18.8942650572 49.7790604975
19.6634100639 54.3932551611
20.3501422412 39.3300993428
20.7867945594 44.4121710573
21.4922604392 44.8635080835
22.0838920135 49.5520076759
22.9161298442 44.8118127703
23.5476682451 42.861407062
24.1306053743 49.773290836
25.1312821714 39.9425586752
25.6931790022 54.0889915984
26.9025634117 47.3303474768
27.7963657939 47.0756566447
28.4664038147 49.2077918797
29.1713649562 49.3052853441
#37
2.03079380904 42.6337317686
2.07142760104 52.2560038673
2.95343986243 41.7004699169
3.56290263312 42.056923154
5.01248941857 42.7453295468
5.71714567665 41.6943829904
6.61330594416 52.0434445775
8.02660813544 41.3823695043
8.77838949034 47.1900289915
9.36107453596 47.098805656
9.68135311858 47.096357507
9.98622850819 44.3582632237
9.99646803749 58.6828039337
10.954296948 41.9922080451
11.2873045934 40.3066936078
11.497479528 48.2734725511
12.1565610184 42.8178149617
12.505481025 43.3375541607
13.0802530016 41.7829727432
13.2789240574 53.5104380722
13.7263092809 44.7149068503
13.9987428669 41.2592499956
14.2216052463 39.3242568377
14.4847401184 48.9746228407
15.4964844273 34.8311156007
15.8657540564 38.8354219772
16.4341099819 44.3985477283
16.7024045378 40.9227127923
17.1827826448 40.2881655707
17.6245789169 41.5146682123
17.9492421599 36.5742276191
18.5252140311 39.6040373448
18.8158940239 35.5003767257
19.0712274369 44.1301650167
19.6485528356 39.2460938522
19.7964818834 46.1524363519
20.2757997111 48.5082100964
21.5371181073 36.2074451812
21.9436488218 41.4847418452
22.3814520548 44.3683820364
#38
2.88843767625 41.0228670642
2.93548510992 48.3505914701
3.84352576104 37.3486862543
4.36877783647 39.9011687384
5.86869276406 39.8014889592
6.48815306534 40.7236653249
7.45926340637 49.5931706303
8.88446113538 38.1077347009
9.62548696722 43.4302569764
9.92513908745 46.1795519643
10.3167940923 45.3534826344
10.6434197237 41.932025021
10.6578350539 55.3624739106
11.6448980832 38.0985887077
11.9363683231 39.2260490778
12.1836973982 46.3181205378
12.8664721102 41.147149129
13.3031509112 39.4652423873
13.8005841147 40.8086747322
14.0451226304 51.9284654016
14.5291104824 42.2853683546
14.8641221005 37.9484889957
15.0370363502 38.8174450566
15.356026147 47.6405854813
16.4143402606 31.5500853235
16.7259400896 36.7329886697
17.3280904445 41.3575035795
17.6339811097 37.5103608903
18.1426378051 36.4594288954
18.5265367481 38.866874168
18.8685410507 33.352742431
19.3771395754 38.5884993619
19.7128078532 33.9808815147
19.8977480641 43.5808055475
20.490533577 35.8769085727
20.6715819258 42.8966499966
21.0845428918 47.5688009924
22.3615385 35.172322353
22.7985844005 37.8376858023
23.2530966241 40.1357939806
#39
3.49382963413 39.3705135019
3.52965601214 46.8211948822
4.45070728962 35.947216702
4.95860806336 38.8614303174
6.47994542733 38.1379516165
7.10052876632 39.6515506725
8.11527536404 48.3289737155
9.55746238688 36.9732706576
10.3202857191 41.7870377211
10.6311702762 44.6565804099
11.0306367525 43.9388650436
11.3406165525 40.6679874488
11.3594325593 54.1475459019
12.3322804252 36.9203461561
12.6455922131 37.6963714315
12.8894279542 45.0859858084
13.5922397064 39.7141195793
14.0459883844 37.5481230217
14.5484169219 39.6354050337
14.7762193722 50.8174283789
15.2707749194 41.4102842155
15.5998813683 36.3535182921
15.7488014417 37.526930354
16.0630171054 46.2590974225
17.1093136209 30.7693107526
17.437270153 35.6122810253
18.0404749699 40.1110212739
18.3679830747 36.7739079172
18.8858568671 35.0360840966
19.289186215 37.5780435395
19.640367066 32.4161344608
20.1846424904 37.0537244514
20.5314178117 32.5051116193
20.7378273708 42.5271209126
21.3394042875 35.0174779734
21.5490680671 41.87121801
21.9430489747 46.6648139673
23.2285690144 34.342891537
23.6858573008 36.7679807242
24.1401533267 39.3336741188
#40
3.95286939304 36.1497682275
4.13096280019 42.8090682688
4.77531569179 35.5949069636
5.08214772599 39.1599868465
6.93719587287 35.9270031519
7.63775627369 37.5067917765
8.38787937693 38.231918949
10.1623526939 34.585897292
11.0234841258 35.8933005859
11.5120835619 38.4531789721
11.9630308838 34.3158073716
12.0464350752 41.0908050787
12.2053259164 49.0762779304
12.7705006902 40.9605956574
13.1241902237 38.8023207872
13.5370999942 45.2259411515
13.9350879583 36.7251967491
14.4473130468 37.6450896306
15.0144915634 41.7995931958
15.4093017685 40.7306671252
15.7010687234 44.9367464384
16.0725884392 39.2633985573
16.3783503794 32.5193420574
16.7330602749 39.345313842
17.2522753126 32.4352598519
17.6224969173 38.461738805
18.3209910219 35.4364551297
18.6907064086 36.0828486218
19.1464466647 29.0455685585
19.3352307343 35.915744701
19.6027956615 27.6871191997
19.9506900933 32.526976042
20.3421557399 27.9104262611
20.575166126 38.2955662038
21.1253966633 29.8329123653
21.3620806545 40.3316960835
21.8068354604 40.5590088824
23.1291516118 28.8136412567
23.6453724722 33.2146016068
23.8916915 37.3322437873
#41
4.42800741577 34.300858257
4.57712971873 41.2496253298
5.28981526683 34.4170181674
5.59607817552 37.1582372228
7.82434310209 35.3293801159
8.57560276932 34.2174460424
9.38302190572 34.440885973
11.5643604582 34.3643620789
12.7099309601 31.5009907247
13.1598922739 39.8519093645
13.6908683535 32.8162550896
13.7662685879 41.664806001
13.9466538146 49.3856792085
14.7047725449 35.9112914461
14.9698060637 36.6801874859
15.4671458096 41.4472602635
15.962146383 38.2928646034
16.5712114387 30.4073047515
17.300430742 39.0249171282
17.6142460016 38.0076704616
18.0047141051 39.7225258104
18.4823096083 34.6758459197
18.7927888322 31.0543183339
19.2305784521 35.7045809161
19.7943574242 30.5967814877
20.1981783389 36.9646065924
20.8939915011 30.5939153556
21.2968188067 35.0065305662
21.7929034615 19.994460528
21.9953422687 29.0669982325
22.2217899239 25.8075007563
22.6182607732 25.5693338749
23.0884001684 25.2332444691
23.2849281802 31.2816614494
23.9437980991 29.074532827
24.1273916053 34.0529237972
24.7086595759 33.4393257354
26.3324411247 27.8872799931
26.7065155163 31.8882476866
27.0218840886 36.6112821073
#42
9.58238064152 34.7395452161
10.0162554657 37.9455881316
10.8252766976 35.5620122882
11.5367004628 36.8737715917
13.2925866384 35.2257321975
14.0572620863 34.4619768048
14.8086499847 34.5220839983
16.1979739508 34.4692767242
17.5176714315 32.2365782666
17.7985557706 38.2378722494
19.369712893 35.5581718515
20.0291609246 34.5808138655
20.1496874292 43.8878574817
20.9827571135 30.9094600739
21.4179734178 31.6488572656
21.9095070669 36.3060127223
22.2359434992 40.1374208165
22.9534591065 27.4086076624
23.7640145491 33.7188027827
23.9653046065 37.9800347696
24.5326136244 34.9914791225
24.9383202627 30.5279105425
25.4507259209 34.1557069897
25.972694673 33.6916437761
26.5299623257 27.099769568
27.2509495601 33.7902237279
27.8069767861 32.4980920849
28.5195514254 34.3453579502
29.0962984386 26.8513067687
29.6331351018 28.4820044301
29.8454423283 30.7036609514
30.3508018583 27.2854961835
31.0256322873 26.9631843285
31.4009454457 28.0075248125
31.8989540517 28.9169561577
32.2720060884 33.6138843963
34.2995382267 27.6118388628
36.2017136893 25.6085255937
36.7221678631 25.4383680047
37.3455615669 26.8803590468
#43
18.00832166 31.8743962267
18.4142783977 33.6529955396
19.0801254693 32.7783550935
19.6334068395 32.4135180184
20.9100152389 32.6299337598
21.4668958411 31.5427235421
22.219617729 30.4602640594
23.0809992808 32.5065292146
24.1582498175 30.0708464812
24.4547911851 35.3519838899
25.8154158128 31.4449778005
26.408971743 32.9252790664
26.6465800755 38.1882352831
27.3696741489 31.3975966469
27.8747704637 28.6276702887
28.3345205294 34.9608625428
28.7014913752 34.894491045
29.2816177666 27.2789919008
29.9995604122 31.8074188289
30.2796711635 34.6468001808
30.7276509134 32.777084932
31.0688292892 28.0166327282
31.6457232056 32.6611483548
32.1089469727 31.1875604963
32.6183415882 29.3251447646
33.2774149541 31.5731717165
33.9091115674 31.7600407653
34.6000381464 34.1704187238
35.2165914243 27.6787715899
35.844985153 30.3010391972
36.2046224071 30.0382524653
36.7621433444 29.1501974309
37.4346183862 27.864291914
37.8611559474 29.3658591084
38.3745268924 28.466517351
38.7585833465 33.3873103727
40.4611073316 27.7367450573
41.8268344098 26.7516104008
42.3636618178 27.1407956992
42.8540144719 27.6904527782
#44
17.6537633182 33.1558533022
18.3043286813 32.5014639209
19.0092725699 32.0504318143
19.5549650392 33.4550107676
20.7978305731 31.1652104533
21.4840279461 30.7668946906
22.2621779135 29.4868773747
23.1972796467 30.5221351668
24.2196308056 29.289733968
24.5568114577 36.308399193
25.9617065917 29.7550667204
26.7096144362 31.0978440036
26.9416689074 36.3283131133
27.6785325617 29.653322184
28.230705112 27.4242997913
28.7248103326 33.2589006322
29.1264790458 33.0345327861
29.6579595269 26.3668112249
30.5255740111 32.9824260574
30.8647246757 35.4789711072
31.4250040385 31.9194077574
31.7351495397 28.8224842273
32.3710343086 30.9285682321
32.776316452 33.1465674035
33.2613730907 31.1676068533
33.8669916303 34.8138291572
34.5615738113 30.645500436
35.1986571103 36.857305469
35.8000275398 31.2729493018
36.483639045 32.8094241648
36.9135164827 34.8094820069
37.5002819973 32.1347715838
38.1426884603 32.8378057655
38.625178099 32.4309803296
39.1839377671 29.8338837371
39.5436473853 37.9915237053
42.104446804 28.3354931015
43.5168705423 26.1884658238
44.0363249375 28.148875742
44.5994516577 28.0861903534
#45
14.8996562818 29.5264598105
15.7974122487 27.0844694339
16.4882090396 27.2590117528
17.020908859 31.1562508997
17.6851662684 24.0106626005
18.2517721413 27.8246991816
19.1557968993 26.2069561137
19.4129085368 24.1065543019
20.2680759749 23.1421067344
20.6407654975 29.8932738072
22.2017578738 25.0721155172
23.143612626 22.5572051276
23.2953124302 29.6712896469
23.8902119192 24.9366150578
24.5906098111 23.8039429046
25.1265744259 25.9703406482
25.5798424252 27.1762614045
26.1491371698 21.3862741792
26.9432851127 30.4747738959
27.3206119476 33.3258717315
28.019412057 25.4985218295
28.2693077753 28.2819566047
29.0962014628 28.2180704777
29.4780049116 31.2827857962
29.923297626 32.8128092144
30.5400416166 38.1373729081
31.4418622901 24.8657109812
32.0366164255 36.5694947674
32.6714890374 35.3750447296
33.4032911942 34.160781952
33.9932880545 37.4392665697
34.5399010848 31.4045087905
35.2581915135 36.4518574393
35.8014731442 33.7805516535
36.2850685575 28.0971191932
36.6945938594 38.094336101
39.9776392269 25.6717995688
40.9547857537 23.4789381611
41.4477737933 26.0196190124
42.0565979509 25.2073129545
#46
11.6405284848 25.718589092
12.2873868672 25.1703118483
12.8238850328 22.0640700908
12.8876913831 28.1476143271
13.5373984788 23.2837867738
14.1514637585 23.8620715861
15.0471313063 22.3090026799
15.310665473 24.5277069375
15.9647882218 18.6423124475
16.4103076526 28.6811525721
17.0545818356 18.515761359
17.8664212786 18.9729265659
18.0685766261 24.9027750063
18.6366632796 22.1090671622
19.5028085053 19.309031907
20.0487427882 22.3222640941
20.7046774355 21.0659596728
21.2438566827 16.9383473609
22.0838318821 32.3171664043
22.6190785004 36.7777833399
23.4326535344 23.409364753
23.8254595375 26.8507596405
24.4337001488 24.7724085823
24.6894758133 29.2481864113
24.9738582819 33.6521793115
25.3607532583 40.3625266007
26.0983736545 20.4271239258
26.353051081 38.2359413662
26.9159368967 33.8459144812
27.5065724329 32.8021934185
28.1143529286 36.0665179951
28.5787481833 33.3150377877
29.1198678008 38.7734606642
29.6679269556 37.6659386465
30.181103043 30.2756924453
30.4189556911 41.4959662081
32.8463167875 31.5899438587
33.2193266786 28.8937039892
33.915426608 29.0757177321
34.2169359425 31.021535051
#47
11.6433897654 25.6475637151
12.288763348 25.1032250319
12.8248995257 21.9716716032
12.885596492 28.1383689719
13.5367415838 23.2599053265
14.1511444013 23.7772331473
15.0493894488 22.2143422285
15.3126362282 24.4950424508
15.9682468649 18.6608307158
16.4140482329 28.6507113392
17.0599543202 18.4174353211
17.8719518893 18.9162219166
18.0757616818 24.8464119154
18.6450926134 21.9842081036
19.5121164442 19.3309861356
20.0583059657 22.335828462
20.7179315284 21.0411148328
21.2605990417 16.8511455064
22.1013109085 32.2300238671
22.637835348 36.7058971268
23.4487587463 23.4161438052
23.8413714305 26.8566352111
24.4490329403 24.7820887538
24.7060041428 29.1699887293
24.9889088247 33.6279990759
25.3774192263 40.3088797363
26.1136393752 20.3760193033
26.3645592671 38.1853022612
26.9263569495 33.8340823138
27.5172221078 32.7672924975
28.1263801691 36.0125565406
28.5877218952 33.3195679652
29.1333101911 38.7670238762
29.6826667276 37.6368352002
30.1971167171 30.2423522429
30.4347707414 41.5154617369
32.863276054 31.5906521631
33.2365663813 28.8644740226
33.9340492957 29.0673347296
34.2351952439 31.0173298658
#48
13.0490503772 27.9783390216
13.7796534419 23.1359562264
14.2545329839 24.0808641508
14.3232465282 30.9300205234
15.0603774426 20.917183511
15.6238612167 26.5210980644
16.6407314202 24.4878811753
16.938750817 22.0513391544
17.5488841712 20.7289804647
18.0535513937 31.9061518636
18.6526988368 20.1896123612
19.1757464562 20.7540460756
19.2744157364 27.599533715
19.7868471604 24.3593158116
20.5042502176 21.4876613746
20.9905051961 25.0216852925
21.6051815971 23.5557750445
22.0874558169 18.9445781215
22.9071352326 30.8078691799
23.3824535949 36.0067282746
24.0363380687 24.3957180213
24.3487395454 28.5543624247
25.0366458325 26.0738605989
25.3275454009 30.7774342477
25.6478126176 35.6919408839
25.9555701726 40.0856112149
26.6569586617 22.9348109533
26.9410200516 37.8134943489
27.4449417335 35.5291303532
27.9817807423 36.6985370185
28.6713885008 39.4478108408
29.193652082 34.9466077801
29.8112938591 38.6044309129
30.3011289165 39.7019310898
30.8835129771 31.1988205909
31.1525452951 41.7157860121
33.7696945378 30.6124288308
34.0602177936 27.5261583936
34.4536170099 29.2085054866
34.7945353956 30.3595013861
#49
13.0490503769 27.9783390209
13.7796534414 23.1359562268
14.254532984 24.0808641508
14.3232465278 30.9300205239
15.0603774421 20.9171835109
15.6238612162 26.5210980646
16.6407314201 24.4878811752
16.9387508168 22.0513391552
17.5488841717 20.7289804651
18.0535513943 31.906151865
18.6526988366 20.1896123618
19.1757464567 20.7540460746
19.2744157358 27.599533715
19.7868471602 24.3593158107
20.504250218 21.487661374
20.9905051953 25.0216852931
21.6051815966 23.5557750443
22.0874558165 18.944578121
22.9071352331 30.8078691807
23.382453595 36.0067282747
24.0363380692 24.3957180211
24.3487395461 28.5543624242
25.0366458328 26.0738605998
25.3275454008 30.7774342465
25.6478126172 35.6919408831
25.9555701718 40.0856112137
26.6569586618 22.9348109527
26.9410200505 37.8134943478
27.4449417334 35.5291303532
27.9817807418 36.6985370199
28.6713885021 39.4478108412
29.193652082 34.9466077802
29.8112938579 38.6044309132
30.3011289163 39.7019310906
30.8835129767 31.1988205907
31.1525452966 41.7157860127
33.7696945371 30.612428831
34.0602177938 27.526158395
34.4536170094 29.2085054858
34.7945353965 30.359501386
